2740
2741
2742
2743
2744
2745
2746
2747
2748
2749
2750
2751
2752
2753
2754
2755
2756
2757
2758
2759
2760
2761
2762
2763
2764
2765
2766
2767
2768
2769
2770
2771
2772
2773
2774
2775
2776
2777
2778
2779
2780
2781
2782
2783
2784
2785
2786
2787
2788
2789
2790
2791
2792
2793
2794
2795
2796
2797
2798
2799
2800
2801
2802
2803
2804
2865
2866
2867
2868
2926
2927
2928
2929
2984
2985
2986
2987
3040
3041
3042
3043
3091
3092
3093
3094
3139
3140
3141
3142
3182
3183
3184
3185
3222
3223
3224
3225
3257
3258
3286
3287
3314
3315
3341
3342
3367
3368
3392
3393
3416
3417
3439
3440
3461
3462
3482
3483
3502
3503
3521
3522
3539
3556
3573
3590
3607
3624
3641
3658
6328
6329
6330
6331
6332
6333
6334
6335
6336
6337
6338
6339
6340
6341
6342
6343
6344
6345
6346
6347
6410
6411
6412
6413
6473
6474
6475
6476
6533
6534
6535
6536
6590
6591
6592
6593
6644
6645
6646
6647
6695
6696
6697
6698
6743
6744
6745
6746
6788
6789
6790
6791
6830
6831
6832
6833
6869
6870
6871
6872
6905
6906
6907
6908
6938
6939
6940
6941
6968
6969
6970
6971
6995
6996
6997
6998
7019
7020
7021
7022
7040
7041
7058
7075
7092
7109
7126
7143
7160
7177
7194
7211
7228
7245
7262
7279
10082
10083
10084
10085
10086
10087
10088
10089
10090
10091
10093
10094
10095
10096
10097
10098
10099
10100
10101
10102
10103
10104
10105
10106
10107
10108
10109
10110
10111
10112
10113
10114
10115
10116
10117
10118
10176
10177
10178
10179
10233
10234
10235
10236
10287
10288
10289
10290
10336
10337
10338
10339
10377
10378
10379
10380
10415
10416
10417
10418
10450
10451
10452
10453
10482
10483
10511
10512
10539
10540
10566
10567
10592
10593
10617
10618
10641
10642
10664
10665
10686
10687
10707
10708
10727
10728
10746
10747
10764
10781
10798
10815
10832
10849
10866
10883
13552
13553
13554
13555
13556
13557
13558
13559
13560
13561
13562
13563
13564
13565
13566
13567
13568
13569
13570
13571
13633
13634
13635
13636
13695
13696
13697
13698
13754
13755
13756
13757
13810
13811
13812
13813
13863
13864
13865
13866
13913
13914
13915
13916
13960
13961
13962
13963
14004
14005
14006
14007
14045
14046
14047
14048
14083
14084
14085
14086
14118
14119
14120
14121
14150
14151
14152
14153
14179
14180
14181
14182
14205
14206
14207
14208
14228
14229
14230
14231
14248
14265
14282
14299
14316
14333
14350
14367
14384
14401
14418
14436
14452
14466
14478
14489
17648
17649
17650
17651
17652
17653
17654
17655
17656
17657
17658
17659
17660
17661
17662
17663
17664
17665
17666
17667
17668
17669
17670
17671
17672
17673
17674
17675
17676
17677
17678
17679
17680
17681
17682
17683
17684
17685
17686
17687
17688
17689
17690
17691
17692
17693
17694
17695
17696
17697
17698
17699
17759
17760
17761
17762
17817
17818
17819
17820
17870
17871
17872
17873
17917
17918
17919
17920
17959
17960
17961
17962
17996
17997
17998
17999
18027
18028
18029
18030
18053
18054
18055
18056
18074
18075
18076
18077
18089
18090
18091
18092
18099
18100
18101
18102
21352
21353
21354
21355
21356
21357
21358
21359
21360
21361
21362
21363
21364
21365
21366
21367
21368
21369
21370
21371
21372
21373
21374
21375
21376
21377
21378
21379
21380
21381
21382
21383
21384
21385
21386
21387
21388
21389
21390
21391
21392
21393
21394
21395
21396
21397
21398
21399
21400
21401
21402
21403
21404
21405
21406
21407
21408
21409
21410
21411
21412
21413
21414
21415
21416
21417
21418
21419
21463
21464
21465
21466
21507
21508
21509
21510
21546
21547
21548
21549
21582
21583
21584
21585
21613
21614
21615
21616
21638
21639
21640
21641
21659
21660
21661
21662
21677
21678
21693
21694
21706
21707
21713
21714
24565
24566
24567
24568
24569
24570
24571
24572
24573
24574
24577
24578
24579
24580
24581
24582
24583
24584
24585
24586
24587
24588
24589
24590
24591
24592
24593
24594
24674
24675
24676
24677
24753
24754
24755
24756
24827
24828
24829
24830
24896
24897
24898
24899
24959
24960
24961
24962
25017
25018
25019
25020
25070
25071
25072
25073
25117
25118
25119
25120
25159
25160
25161
25162
25196
25197
25198
25199
25227
25228
25229
25230
25253
25254
25255
25256
25274
25275
25276
25277
25292
25293
25294
25295
25305
25306
25307
25308
25312
25313
28704
28705
28706
28707
28708
28709
28710
28711
28712
28713
28714
28715
28716
28717
28718
28719
28720
28721
28722
28723
28724
28725
28726
28727
28728
28729
28730
28731
28732
28733
28734
28735
28736
28737
28738
28739
28740
28741
28742
28743
28744
28745
28748
28749
28750
28751
28752
28753
28754
28755
28756
28757
28758
28759
28760
28761
28762
28763
28764
28765
28766
28767
28768
28769
28770
28771
28803
28804
28805
28806
28834
28835
28836
28837
28860
28861
28862
28863
28881
28882
28883
28884
28896
28897
28898
28899
28906
28907
28908
28909
