-1.000000000000000048e-04 0.000000000000000000e+00
-9.974874000000000544e-05 0.000000000000000000e+00
-9.949748999999999323e-05 0.000000000000000000e+00
-9.924622999999999388e-05 0.000000000000000000e+00
-9.899496999999999453e-05 0.000000000000000000e+00
-9.874371999999999587e-05 0.000000000000000000e+00
-9.849245999999999652e-05 0.000000000000000000e+00
-9.824120999999999787e-05 0.000000000000000000e+00
-9.798994999999999852e-05 0.000000000000000000e+00
-9.773868999999999916e-05 0.000000000000000000e+00
-9.748744000000000051e-05 0.000000000000000000e+00
-9.723618000000000116e-05 0.000000000000000000e+00
-9.698492000000000180e-05 0.000000000000000000e+00
-9.673367000000000315e-05 0.000000000000000000e+00
-9.648241000000000380e-05 0.000000000000000000e+00
-9.623116000000000515e-05 0.000000000000000000e+00
-9.597990000000000579e-05 0.000000000000000000e+00
-9.572864000000000644e-05 0.000000000000000000e+00
-9.547738999999999423e-05 0.000000000000000000e+00
-9.522612999999999488e-05 0.000000000000000000e+00
-9.497486999999999553e-05 0.000000000000000000e+00
-9.472361999999999688e-05 0.000000000000000000e+00
-9.447235999999999752e-05 0.000000000000000000e+00
-9.422110999999999887e-05 0.000000000000000000e+00
-9.396984999999999952e-05 0.000000000000000000e+00
-9.371859000000000016e-05 0.000000000000000000e+00
-9.346734000000000151e-05 0.000000000000000000e+00
-9.321608000000000216e-05 0.000000000000000000e+00
-9.296482000000000280e-05 0.000000000000000000e+00
-9.271357000000000415e-05 0.000000000000000000e+00
-9.246231000000000480e-05 0.000000000000000000e+00
-9.221106000000000615e-05 0.000000000000000000e+00
-9.195979999999999324e-05 0.000000000000000000e+00
-9.170853999999999389e-05 0.000000000000000000e+00
-9.145728999999999523e-05 0.000000000000000000e+00
-9.120602999999999588e-05 0.000000000000000000e+00
-9.095476999999999653e-05 0.000000000000000000e+00
-9.070351999999999788e-05 0.000000000000000000e+00
-9.045225999999999852e-05 0.000000000000000000e+00
-9.020100999999999987e-05 0.000000000000000000e+00
-8.994975000000000052e-05 0.000000000000000000e+00
-8.969849000000000116e-05 0.000000000000000000e+00
-8.944724000000000251e-05 0.000000000000000000e+00
-8.919598000000000316e-05 0.000000000000000000e+00
-8.894472000000000380e-05 0.000000000000000000e+00
-8.869347000000000515e-05 0.000000000000000000e+00
-8.844221000000000580e-05 0.000000000000000000e+00
-8.819095000000000645e-05 0.000000000000000000e+00
-8.793969999999999424e-05 0.000000000000000000e+00
-8.768843999999999489e-05 0.000000000000000000e+00
-8.743718999999999623e-05 0.000000000000000000e+00
-8.718592999999999688e-05 0.000000000000000000e+00
-8.693466999999999753e-05 0.000000000000000000e+00
-8.668341999999999888e-05 0.000000000000000000e+00
-8.643215999999999952e-05 0.000000000000000000e+00
-8.618090000000000017e-05 0.000000000000000000e+00
-8.592965000000000152e-05 0.000000000000000000e+00
-8.567839000000000216e-05 0.000000000000000000e+00
-8.542714000000000351e-05 0.000000000000000000e+00
-8.517588000000000416e-05 0.000000000000000000e+00
-8.492462000000000481e-05 0.000000000000000000e+00
-8.467337000000000615e-05 0.000000000000000000e+00
-8.442210999999999325e-05 0.000000000000000000e+00
-8.417084999999999389e-05 0.000000000000000000e+00
-8.391959999999999524e-05 0.000000000000000000e+00
-8.366833999999999589e-05 0.000000000000000000e+00
-8.341708999999999723e-05 0.000000000000000000e+00
-8.316582999999999788e-05 0.000000000000000000e+00
-8.291456999999999853e-05 0.000000000000000000e+00
-8.266331999999999988e-05 0.000000000000000000e+00
-8.241206000000000052e-05 0.000000000000000000e+00
-8.216080000000000117e-05 0.000000000000000000e+00
-8.190955000000000252e-05 0.000000000000000000e+00
-8.165829000000000316e-05 0.000000000000000000e+00
-8.140704000000000451e-05 0.000000000000000000e+00
-8.115578000000000516e-05 0.000000000000000000e+00
-8.090452000000000581e-05 0.000000000000000000e+00
-8.065326999999999360e-05 0.000000000000000000e+00
-8.040200999999999425e-05 0.000000000000000000e+00
-8.015074999999999489e-05 0.000000000000000000e+00
-7.989949999999999624e-05 0.000000000000000000e+00
-7.964823999999999689e-05 0.000000000000000000e+00
-7.939697999999999754e-05 0.000000000000000000e+00
-7.914572999999999888e-05 0.000000000000000000e+00
-7.889446999999999953e-05 0.000000000000000000e+00
-7.864322000000000088e-05 0.000000000000000000e+00
-7.839196000000000152e-05 0.000000000000000000e+00
-7.814070000000000217e-05 0.000000000000000000e+00
-7.788945000000000352e-05 0.000000000000000000e+00
-7.763819000000000416e-05 0.000000000000000000e+00
-7.738693000000000481e-05 0.000000000000000000e+00
-7.713568000000000616e-05 0.000000000000000000e+00
-7.688441999999999325e-05 0.000000000000000000e+00
-7.663316999999999460e-05 0.000000000000000000e+00
-7.638190999999999525e-05 0.000000000000000000e+00
-7.613064999999999589e-05 0.000000000000000000e+00
-7.587939999999999724e-05 0.000000000000000000e+00
-7.562813999999999789e-05 0.000000000000000000e+00
-7.537687999999999854e-05 0.000000000000000000e+00
-7.512562999999999988e-05 0.000000000000000000e+00
-7.487437000000000053e-05 0.000000000000000000e+00
-7.462312000000000188e-05 0.000000000000000000e+00
-7.437186000000000252e-05 0.000000000000000000e+00
-7.412060000000000317e-05 0.000000000000000000e+00
-7.386935000000000452e-05 0.000000000000000000e+00
-7.361809000000000516e-05 0.000000000000000000e+00
-7.336683000000000581e-05 0.000000000000000000e+00
-7.311557999999999361e-05 0.000000000000000000e+00
-7.286431999999999425e-05 0.000000000000000000e+00
-7.261306999999999560e-05 0.000000000000000000e+00
-7.236180999999999625e-05 0.000000000000000000e+00
-7.211054999999999689e-05 0.000000000000000000e+00
-7.185929999999999824e-05 0.000000000000000000e+00
-7.160803999999999889e-05 0.000000000000000000e+00
-7.135677999999999954e-05 0.000000000000000000e+00
-7.110553000000000088e-05 0.000000000000000000e+00
-7.085427000000000153e-05 0.000000000000000000e+00
-7.060302000000000288e-05 0.000000000000000000e+00
-7.035176000000000352e-05 0.000000000000000000e+00
-7.010050000000000417e-05 0.000000000000000000e+00
-6.984925000000000552e-05 0.000000000000000000e+00
-6.959799000000000617e-05 0.000000000000000000e+00
-6.934672999999999326e-05 0.000000000000000000e+00
-6.909547999999999461e-05 0.000000000000000000e+00
-6.884421999999999525e-05 0.000000000000000000e+00
-6.859295999999999590e-05 0.000000000000000000e+00
-6.834170999999999725e-05 0.000000000000000000e+00
-6.809044999999999789e-05 0.000000000000000000e+00
-6.783919999999999924e-05 0.000000000000000000e+00
-6.758793999999999989e-05 0.000000000000000000e+00
-6.733668000000000054e-05 0.000000000000000000e+00
-6.708543000000000188e-05 0.000000000000000000e+00
-6.683417000000000253e-05 0.000000000000000000e+00
-6.658291000000000318e-05 0.000000000000000000e+00
-6.633166000000000452e-05 0.000000000000000000e+00
-6.608040000000000517e-05 0.000000000000000000e+00
-6.582915000000000652e-05 0.000000000000000000e+00
-6.557788999999999361e-05 0.000000000000000000e+00
-6.532662999999999426e-05 0.000000000000000000e+00
-6.507537999999999561e-05 0.000000000000000000e+00
-6.482411999999999625e-05 0.000000000000000000e+00
-6.457285999999999690e-05 0.000000000000000000e+00
-6.432160999999999825e-05 0.000000000000000000e+00
-6.407034999999999890e-05 0.000000000000000000e+00
-6.381910000000000024e-05 0.000000000000000000e+00
-6.356784000000000089e-05 0.000000000000000000e+00
-6.331658000000000154e-05 0.000000000000000000e+00
-6.306533000000000288e-05 0.000000000000000000e+00
-6.281407000000000353e-05 0.000000000000000000e+00
-6.256281000000000418e-05 0.000000000000000000e+00
-6.231156000000000552e-05 0.000000000000000000e+00
-6.206030000000000617e-05 0.000000000000000000e+00
-6.180904999999999397e-05 0.000000000000000000e+00
-6.155778999999999461e-05 0.000000000000000000e+00
-6.130652999999999526e-05 0.000000000000000000e+00
-6.105527999999999661e-05 0.000000000000000000e+00
-6.080401999999999725e-05 0.000000000000000000e+00
-6.055275999999999790e-05 0.000000000000000000e+00
-6.030150999999999925e-05 0.000000000000000000e+00
-6.005024999999999990e-05 0.000000000000000000e+00
-5.979899000000000054e-05 0.000000000000000000e+00
-5.954774000000000189e-05 0.000000000000000000e+00
-5.929648000000000254e-05 0.000000000000000000e+00
-5.904522999999999711e-05 0.000000000000000000e+00
-5.879396999999999775e-05 0.000000000000000000e+00
-5.854270999999999840e-05 0.000000000000000000e+00
-5.829145999999999975e-05 0.000000000000000000e+00
-5.804020000000000040e-05 0.000000000000000000e+00
-5.778894000000000104e-05 0.000000000000000000e+00
-5.753769000000000239e-05 0.000000000000000000e+00
-5.728643000000000304e-05 0.000000000000000000e+00
-5.703517999999999761e-05 0.000000000000000000e+00
-5.678391999999999825e-05 0.000000000000000000e+00
-5.653265999999999890e-05 0.000000000000000000e+00
-5.628141000000000025e-05 0.000000000000000000e+00
-5.603015000000000090e-05 0.000000000000000000e+00
-5.577889000000000154e-05 0.000000000000000000e+00
-5.552764000000000289e-05 0.000000000000000000e+00
-5.527637999999999676e-05 0.000000000000000000e+00
-5.502512999999999811e-05 0.000000000000000000e+00
-5.477386999999999875e-05 0.000000000000000000e+00
-5.452260999999999940e-05 0.000000000000000000e+00
-5.427136000000000075e-05 0.000000000000000000e+00
-5.402010000000000140e-05 0.000000000000000000e+00
-5.376884000000000204e-05 0.000000000000000000e+00
-5.351758999999999661e-05 0.000000000000000000e+00
-5.326632999999999726e-05 0.000000000000000000e+00
-5.301507999999999861e-05 0.000000000000000000e+00
-5.276381999999999925e-05 0.000000000000000000e+00
-5.251255999999999990e-05 0.000000000000000000e+00
-5.226131000000000125e-05 0.000000000000000000e+00
-5.201005000000000190e-05 0.000000000000000000e+00
-5.175879000000000254e-05 0.000000000000000000e+00
-5.150753999999999711e-05 0.000000000000000000e+00
-5.125627999999999776e-05 0.000000000000000000e+00
-5.100502999999999911e-05 0.000000000000000000e+00
-5.075376999999999975e-05 0.000000000000000000e+00
-5.050251000000000040e-05 0.000000000000000000e+00
-5.025126000000000175e-05 0.000000000000000000e+00
-5.000000000000000240e-05 0.000000000000000000e+00
-4.974874000000000304e-05 0.000000000000000000e+00
-4.949748999999999761e-05 0.000000000000000000e+00
-4.924622999999999826e-05 0.000000000000000000e+00
-4.899496999999999891e-05 0.000000000000000000e+00
-4.874372000000000026e-05 0.000000000000000000e+00
-4.849246000000000090e-05 0.000000000000000000e+00
-4.824121000000000225e-05 0.000000000000000000e+00
-4.798995000000000290e-05 0.000000000000000000e+00
-4.773868999999999677e-05 0.000000000000000000e+00
-4.748743999999999811e-05 0.000000000000000000e+00
-4.723617999999999876e-05 0.000000000000000000e+00
-4.698491999999999941e-05 0.000000000000000000e+00
-4.673367000000000076e-05 0.000000000000000000e+00
-4.648241000000000140e-05 0.000000000000000000e+00
-4.623116000000000275e-05 0.000000000000000000e+00
-4.597989999999999662e-05 0.000000000000000000e+00
-4.572863999999999727e-05 0.000000000000000000e+00
-4.547738999999999861e-05 0.000000000000000000e+00
-4.522612999999999926e-05 0.000000000000000000e+00
-4.497486999999999991e-05 0.000000000000000000e+00
-4.472362000000000126e-05 0.000000000000000000e+00
-4.447236000000000190e-05 0.000000000000000000e+00
-4.422111000000000325e-05 0.000000000000000000e+00
-4.396984999999999712e-05 0.000000000000000000e+00
-4.371858999999999777e-05 0.000000000000000000e+00
-4.346733999999999911e-05 0.000000000000000000e+00
-3.668342000000000326e-05 0.000000000000000000e+00
-3.643215999999999713e-05 0.000000000000000000e+00
-3.618089999999999777e-05 0.000000000000000000e+00
-3.592964999999999912e-05 0.000000000000000000e+00
-3.567838999999999977e-05 0.000000000000000000e+00
-3.542714000000000111e-05 0.000000000000000000e+00
-3.517588000000000176e-05 0.000000000000000000e+00
-3.492462000000000241e-05 0.000000000000000000e+00
-3.467336999999999698e-05 0.000000000000000000e+00
-4.321607999999999976e-05 0.000000000000000000e+00
-4.296482000000000041e-05 0.000000000000000000e+00
-4.271357000000000176e-05 0.000000000000000000e+00
-4.246231000000000240e-05 0.000000000000000000e+00
-4.221105999999999697e-05 0.000000000000000000e+00
-4.195979999999999762e-05 0.000000000000000000e+00
-4.170853999999999827e-05 0.000000000000000000e+00
-4.145728999999999961e-05 0.000000000000000000e+00
-4.120603000000000026e-05 0.000000000000000000e+00
-4.095477000000000091e-05 0.000000000000000000e+00
-4.070352000000000226e-05 0.000000000000000000e+00
-4.045226000000000290e-05 0.000000000000000000e+00
-4.020100999999999747e-05 0.000000000000000000e+00
-3.994974999999999812e-05 0.000000000000000000e+00
-3.969848999999999877e-05 0.000000000000000000e+00
-3.944724000000000011e-05 0.000000000000000000e+00
-3.919598000000000076e-05 0.000000000000000000e+00
-3.894472000000000141e-05 0.000000000000000000e+00
-3.869347000000000276e-05 0.000000000000000000e+00
-3.844220999999999663e-05 0.000000000000000000e+00
-3.819094999999999727e-05 0.000000000000000000e+00
-3.793969999999999862e-05 0.000000000000000000e+00
-3.768843999999999927e-05 0.000000000000000000e+00
-3.743719000000000061e-05 0.000000000000000000e+00
-3.718593000000000126e-05 0.000000000000000000e+00
-3.693467000000000191e-05 0.000000000000000000e+00
-3.442210999999999763e-05 0.000000000000000000e+00
-3.417084999999999827e-05 0.000000000000000000e+00
-3.391959999999999962e-05 0.000000000000000000e+00
-3.366834000000000027e-05 0.000000000000000000e+00
-3.341709000000000161e-05 0.000000000000000000e+00
-3.316583000000000226e-05 0.000000000000000000e+00
-3.291457000000000291e-05 0.000000000000000000e+00
-3.266331999999999748e-05 0.000000000000000000e+00
-3.241205999999999813e-05 0.000000000000000000e+00
-3.216079999999999877e-05 0.000000000000000000e+00
-3.190955000000000012e-05 0.000000000000000000e+00
-3.165829000000000077e-05 0.000000000000000000e+00
-3.140704000000000211e-05 0.000000000000000000e+00
-3.115578000000000276e-05 0.000000000000000000e+00
-3.090451999999999663e-05 0.000000000000000000e+00
-3.065326999999999798e-05 0.000000000000000000e+00
-3.040200999999999863e-05 0.000000000000000000e+00
-3.015074999999999927e-05 0.000000000000000000e+00
-2.989950000000000062e-05 0.000000000000000000e+00
-2.964824000000000127e-05 0.000000000000000000e+00
-2.939697999999999853e-05 0.000000000000000000e+00
-2.914572999999999987e-05 0.000000000000000000e+00
-2.889447000000000052e-05 0.000000000000000000e+00
-2.864321999999999848e-05 0.000000000000000000e+00
-2.839195999999999913e-05 0.000000000000000000e+00
-2.814069999999999977e-05 0.000000000000000000e+00
-2.788945000000000112e-05 0.000000000000000000e+00
-2.763818999999999838e-05 0.000000000000000000e+00
-2.738692999999999903e-05 0.000000000000000000e+00
-2.713568000000000037e-05 0.000000000000000000e+00
-2.688442000000000102e-05 0.000000000000000000e+00
-2.663316999999999898e-05 0.000000000000000000e+00
-2.638190999999999963e-05 0.000000000000000000e+00
-2.613065000000000027e-05 0.000000000000000000e+00
-2.587940000000000162e-05 0.000000000000000000e+00
-2.562813999999999888e-05 0.000000000000000000e+00
-2.537687999999999953e-05 0.000000000000000000e+00
-2.512563000000000087e-05 0.000000000000000000e+00
-2.487437000000000152e-05 0.000000000000000000e+00
-2.462311999999999948e-05 0.000000000000000000e+00
-2.437186000000000013e-05 0.000000000000000000e+00
-2.412060000000000077e-05 0.000000000000000000e+00
-2.386934999999999873e-05 0.000000000000000000e+00
-2.361808999999999938e-05 0.000000000000000000e+00
-2.336683000000000003e-05 0.000000000000000000e+00
-2.311558000000000137e-05 0.000000000000000000e+00
-2.286431999999999863e-05 0.000000000000000000e+00
-2.261306999999999998e-05 0.000000000000000000e+00
-2.236181000000000063e-05 0.000000000000000000e+00
-2.211055000000000127e-05 0.000000000000000000e+00
-2.185929999999999923e-05 0.000000000000000000e+00
-2.160803999999999988e-05 0.000000000000000000e+00
-2.135678000000000053e-05 0.000000000000000000e+00
-2.110552999999999849e-05 0.000000000000000000e+00
-2.085426999999999913e-05 0.000000000000000000e+00
-2.060302000000000048e-05 0.000000000000000000e+00
-2.035176000000000113e-05 0.000000000000000000e+00
-2.010049999999999839e-05 0.000000000000000000e+00
-1.984924999999999973e-05 0.000000000000000000e+00
-1.959799000000000038e-05 0.000000000000000000e+00
-1.934673000000000103e-05 0.000000000000000000e+00
-1.909547999999999899e-05 0.000000000000000000e+00
-1.884421999999999963e-05 0.000000000000000000e+00
-1.859296000000000028e-05 0.000000000000000000e+00
-1.834171000000000163e-05 0.000000000000000000e+00
-1.809044999999999889e-05 0.000000000000000000e+00
-1.783920000000000023e-05 0.000000000000000000e+00
-1.758794000000000088e-05 0.000000000000000000e+00
-1.733668000000000153e-05 0.000000000000000000e+00
-1.708542999999999949e-05 0.000000000000000000e+00
-1.683417000000000013e-05 0.000000000000000000e+00
-1.658291000000000078e-05 0.000000000000000000e+00
-1.633165999999999874e-05 0.000000000000000000e+00
-1.608039999999999939e-05 0.000000000000000000e+00
-1.582915000000000073e-05 0.000000000000000000e+00
-1.557789000000000138e-05 0.000000000000000000e+00
-1.532662999999999864e-05 0.000000000000000000e+00
-1.507537999999999999e-05 0.000000000000000000e+00
-1.482412000000000063e-05 0.000000000000000000e+00
-1.457285999999999959e-05 0.000000000000000000e+00
-1.432160999999999924e-05 0.000000000000000000e+00
-1.407034999999999989e-05 0.000000000000000000e+00
-1.381909999999999954e-05 0.000000000000000000e+00
-1.356784000000000019e-05 0.000000000000000000e+00
-1.331658000000000083e-05 0.000000000000000000e+00
-1.306533000000000049e-05 0.000000000000000000e+00
-1.281406999999999944e-05 0.000000000000000000e+00
-1.256281000000000009e-05 0.000000000000000000e+00
-1.231155999999999974e-05 0.000000000000000000e+00
-1.206030000000000039e-05 0.000000000000000000e+00
-1.180905000000000004e-05 0.000000000000000000e+00
-1.155779000000000069e-05 0.000000000000000000e+00
-1.130652999999999964e-05 0.000000000000000000e+00
-1.105527999999999929e-05 0.000000000000000000e+00
-1.080401999999999994e-05 0.000000000000000000e+00
-1.055276000000000059e-05 0.000000000000000000e+00
-1.030151000000000024e-05 0.000000000000000000e+00
-1.005024999999999919e-05 0.000000000000000000e+00
-9.798995000000000190e-06 0.000000000000000000e+00
-9.547739000000000101e-06 0.000000000000000000e+00
-9.296482000000000619e-06 0.000000000000000000e+00
-9.045226000000000530e-06 0.000000000000000000e+00
-8.793970000000000440e-06 0.000000000000000000e+00
-8.542714000000000351e-06 0.000000000000000000e+00
-8.291456999999999175e-06 0.000000000000000000e+00
-8.040201000000000780e-06 0.000000000000000000e+00
-7.788945000000000691e-06 0.000000000000000000e+00
-7.537688000000000362e-06 0.000000000000000000e+00
-7.286432000000000272e-06 0.000000000000000000e+00
-7.035176000000000183e-06 0.000000000000000000e+00
-6.783920000000000094e-06 0.000000000000000000e+00
-6.532662999999999765e-06 0.000000000000000000e+00
-6.281406999999999675e-06 0.000000000000000000e+00
-6.030150999999999586e-06 0.000000000000000000e+00
-5.778894000000000104e-06 0.000000000000000000e+00
-5.527638000000000015e-06 0.000000000000000000e+00
-5.276381999999999925e-06 0.000000000000000000e+00
-5.025125999999999836e-06 0.000000000000000000e+00
-4.773869000000000354e-06 0.000000000000000000e+00
-4.522613000000000265e-06 0.000000000000000000e+00
-4.271357000000000176e-06 0.000000000000000000e+00
-4.020101000000000086e-06 0.000000000000000000e+00
-3.768844000000000181e-06 0.000000000000000000e+00
-3.517588000000000091e-06 0.000000000000000000e+00
-3.266332000000000002e-06 0.000000000000000000e+00
-3.015075000000000097e-06 0.000000000000000000e+00
-2.763819000000000007e-06 0.000000000000000000e+00
-2.512562999999999918e-06 0.000000000000000000e+00
-2.261306999999999829e-06 0.000000000000000000e+00
-2.010049999999999923e-06 0.000000000000000000e+00
-1.758794000000000046e-06 0.000000000000000000e+00
-1.507537999999999956e-06 0.000000000000000000e+00
-1.256281000000000051e-06 0.000000000000000000e+00
-1.005024999999999962e-06 0.000000000000000000e+00
-7.537687999999999938e-07 0.000000000000000000e+00
-5.025126000000000260e-07 0.000000000000000000e+00
-2.512563000000000130e-07 0.000000000000000000e+00
-3.470433000000000121e-16 0.000000000000000000e+00
2.512563000000000130e-07 0.000000000000000000e+00
5.025126000000000260e-07 0.000000000000000000e+00
7.537687999999999938e-07 0.000000000000000000e+00
1.005024999999999962e-06 0.000000000000000000e+00
1.256281000000000051e-06 0.000000000000000000e+00
1.507537999999999956e-06 0.000000000000000000e+00
1.758794000000000046e-06 0.000000000000000000e+00
2.010049999999999923e-06 0.000000000000000000e+00
2.261306999999999829e-06 0.000000000000000000e+00
2.512562999999999918e-06 0.000000000000000000e+00
2.763819000000000007e-06 0.000000000000000000e+00
3.015075000000000097e-06 0.000000000000000000e+00
3.266332000000000002e-06 0.000000000000000000e+00
3.517588000000000091e-06 0.000000000000000000e+00
3.768844000000000181e-06 0.000000000000000000e+00
4.020101000000000086e-06 0.000000000000000000e+00
4.271357000000000176e-06 0.000000000000000000e+00
4.522613000000000265e-06 0.000000000000000000e+00
4.773869000000000354e-06 0.000000000000000000e+00
5.025125999999999836e-06 0.000000000000000000e+00
5.276381999999999925e-06 0.000000000000000000e+00
5.527638000000000015e-06 0.000000000000000000e+00
5.778894000000000104e-06 0.000000000000000000e+00
6.030150999999999586e-06 0.000000000000000000e+00
6.281406999999999675e-06 0.000000000000000000e+00
6.532662999999999765e-06 0.000000000000000000e+00
6.783920000000000094e-06 0.000000000000000000e+00
7.035176000000000183e-06 0.000000000000000000e+00
7.286432000000000272e-06 0.000000000000000000e+00
7.537688000000000362e-06 0.000000000000000000e+00
7.788945000000000691e-06 0.000000000000000000e+00
8.040201000000000780e-06 0.000000000000000000e+00
8.291456999999999175e-06 0.000000000000000000e+00
8.542714000000000351e-06 0.000000000000000000e+00
8.793970000000000440e-06 0.000000000000000000e+00
9.045226000000000530e-06 0.000000000000000000e+00
9.296482000000000619e-06 0.000000000000000000e+00
9.547739000000000101e-06 0.000000000000000000e+00
9.798995000000000190e-06 0.000000000000000000e+00
1.005024999999999919e-05 0.000000000000000000e+00
1.030151000000000024e-05 0.000000000000000000e+00
1.055276000000000059e-05 0.000000000000000000e+00
1.080401999999999994e-05 0.000000000000000000e+00
1.105527999999999929e-05 0.000000000000000000e+00
1.130652999999999964e-05 0.000000000000000000e+00
1.155779000000000069e-05 0.000000000000000000e+00
1.180905000000000004e-05 0.000000000000000000e+00
1.206030000000000039e-05 0.000000000000000000e+00
1.231155999999999974e-05 0.000000000000000000e+00
1.256281000000000009e-05 0.000000000000000000e+00
1.281406999999999944e-05 0.000000000000000000e+00
1.306533000000000049e-05 0.000000000000000000e+00
1.331658000000000083e-05 0.000000000000000000e+00
1.356784000000000019e-05 0.000000000000000000e+00
1.381909999999999954e-05 0.000000000000000000e+00
1.407034999999999989e-05 0.000000000000000000e+00
1.432160999999999924e-05 0.000000000000000000e+00
1.457285999999999959e-05 0.000000000000000000e+00
1.482412000000000063e-05 0.000000000000000000e+00
1.507537999999999999e-05 0.000000000000000000e+00
1.532662999999999864e-05 0.000000000000000000e+00
1.557789000000000138e-05 0.000000000000000000e+00
1.582915000000000073e-05 0.000000000000000000e+00
1.608039999999999939e-05 0.000000000000000000e+00
1.633165999999999874e-05 0.000000000000000000e+00
1.658291000000000078e-05 0.000000000000000000e+00
1.683417000000000013e-05 0.000000000000000000e+00
1.708542999999999949e-05 0.000000000000000000e+00
1.733668000000000153e-05 0.000000000000000000e+00
1.758794000000000088e-05 0.000000000000000000e+00
1.783920000000000023e-05 0.000000000000000000e+00
1.809044999999999889e-05 0.000000000000000000e+00
1.834171000000000163e-05 0.000000000000000000e+00
1.859296000000000028e-05 0.000000000000000000e+00
1.884421999999999963e-05 0.000000000000000000e+00
1.909547999999999899e-05 0.000000000000000000e+00
1.934673000000000103e-05 0.000000000000000000e+00
1.959799000000000038e-05 0.000000000000000000e+00
1.984924999999999973e-05 0.000000000000000000e+00
2.010049999999999839e-05 0.000000000000000000e+00
2.035176000000000113e-05 0.000000000000000000e+00
2.060302000000000048e-05 0.000000000000000000e+00
2.085426999999999913e-05 0.000000000000000000e+00
2.110552999999999849e-05 0.000000000000000000e+00
2.135678000000000053e-05 0.000000000000000000e+00
2.160803999999999988e-05 0.000000000000000000e+00
2.185929999999999923e-05 0.000000000000000000e+00
2.211055000000000127e-05 0.000000000000000000e+00
2.236181000000000063e-05 0.000000000000000000e+00
2.261306999999999998e-05 0.000000000000000000e+00
2.286431999999999863e-05 0.000000000000000000e+00
2.311558000000000137e-05 0.000000000000000000e+00
2.336683000000000003e-05 0.000000000000000000e+00
2.361808999999999938e-05 0.000000000000000000e+00
2.386934999999999873e-05 0.000000000000000000e+00
2.412060000000000077e-05 0.000000000000000000e+00
2.437186000000000013e-05 0.000000000000000000e+00
2.462311999999999948e-05 0.000000000000000000e+00
2.487437000000000152e-05 0.000000000000000000e+00
2.512563000000000087e-05 0.000000000000000000e+00
2.537687999999999953e-05 0.000000000000000000e+00
2.562813999999999888e-05 0.000000000000000000e+00
2.587940000000000162e-05 0.000000000000000000e+00
2.613065000000000027e-05 0.000000000000000000e+00
2.638190999999999963e-05 0.000000000000000000e+00
2.663316999999999898e-05 0.000000000000000000e+00
2.688442000000000102e-05 0.000000000000000000e+00
2.713568000000000037e-05 0.000000000000000000e+00
2.738692999999999903e-05 0.000000000000000000e+00
2.763818999999999838e-05 0.000000000000000000e+00
2.864321999999999848e-05 0.000000000000000000e+00
2.788945000000000112e-05 0.000000000000000000e+00
2.814069999999999977e-05 0.000000000000000000e+00
2.839195999999999913e-05 0.000000000000000000e+00
2.889447000000000052e-05 0.000000000000000000e+00
2.914572999999999987e-05 0.000000000000000000e+00
2.939697999999999853e-05 0.000000000000000000e+00
2.964824000000000127e-05 0.000000000000000000e+00
2.989950000000000062e-05 0.000000000000000000e+00
3.015074999999999927e-05 0.000000000000000000e+00
3.040200999999999863e-05 0.000000000000000000e+00
3.065326999999999798e-05 0.000000000000000000e+00
3.090451999999999663e-05 0.000000000000000000e+00
3.115578000000000276e-05 0.000000000000000000e+00
3.140704000000000211e-05 0.000000000000000000e+00
3.165829000000000077e-05 0.000000000000000000e+00
3.190955000000000012e-05 0.000000000000000000e+00
3.216079999999999877e-05 0.000000000000000000e+00
3.241205999999999813e-05 0.000000000000000000e+00
3.266331999999999748e-05 0.000000000000000000e+00
3.291457000000000291e-05 0.000000000000000000e+00
3.316583000000000226e-05 0.000000000000000000e+00
3.341709000000000161e-05 0.000000000000000000e+00
3.366834000000000027e-05 0.000000000000000000e+00
3.391959999999999962e-05 0.000000000000000000e+00
3.417084999999999827e-05 0.000000000000000000e+00
3.442210999999999763e-05 0.000000000000000000e+00
3.467336999999999698e-05 0.000000000000000000e+00
3.492462000000000241e-05 0.000000000000000000e+00
3.517588000000000176e-05 0.000000000000000000e+00
3.542714000000000111e-05 0.000000000000000000e+00
3.567838999999999977e-05 0.000000000000000000e+00
3.592964999999999912e-05 0.000000000000000000e+00
3.618089999999999777e-05 0.000000000000000000e+00
3.643215999999999713e-05 0.000000000000000000e+00
3.668342000000000326e-05 0.000000000000000000e+00
3.693467000000000191e-05 0.000000000000000000e+00
3.718593000000000126e-05 0.000000000000000000e+00
3.743719000000000061e-05 0.000000000000000000e+00
3.768843999999999927e-05 0.000000000000000000e+00
3.793969999999999862e-05 0.000000000000000000e+00
3.819094999999999727e-05 0.000000000000000000e+00
3.844220999999999663e-05 0.000000000000000000e+00
3.869347000000000276e-05 0.000000000000000000e+00
3.894472000000000141e-05 0.000000000000000000e+00
3.919598000000000076e-05 0.000000000000000000e+00
3.944724000000000011e-05 0.000000000000000000e+00
3.969848999999999877e-05 0.000000000000000000e+00
3.994974999999999812e-05 0.000000000000000000e+00
4.020100999999999747e-05 0.000000000000000000e+00
4.045226000000000290e-05 0.000000000000000000e+00
4.070352000000000226e-05 0.000000000000000000e+00
4.095477000000000091e-05 0.000000000000000000e+00
4.120603000000000026e-05 0.000000000000000000e+00
4.145728999999999961e-05 0.000000000000000000e+00
4.170853999999999827e-05 0.000000000000000000e+00
4.195979999999999762e-05 0.000000000000000000e+00
4.221105999999999697e-05 0.000000000000000000e+00
4.246231000000000240e-05 0.000000000000000000e+00
4.271357000000000176e-05 0.000000000000000000e+00
4.296482000000000041e-05 0.000000000000000000e+00
4.321607999999999976e-05 0.000000000000000000e+00
4.346733999999999911e-05 0.000000000000000000e+00
4.371858999999999777e-05 0.000000000000000000e+00
4.396984999999999712e-05 0.000000000000000000e+00
4.422111000000000325e-05 0.000000000000000000e+00
4.447236000000000190e-05 0.000000000000000000e+00
4.472362000000000126e-05 0.000000000000000000e+00
4.497486999999999991e-05 0.000000000000000000e+00
4.522612999999999926e-05 0.000000000000000000e+00
4.547738999999999861e-05 0.000000000000000000e+00
4.572863999999999727e-05 0.000000000000000000e+00
4.597989999999999662e-05 0.000000000000000000e+00
4.623116000000000275e-05 0.000000000000000000e+00
4.648241000000000140e-05 0.000000000000000000e+00
4.673367000000000076e-05 0.000000000000000000e+00
4.698491999999999941e-05 0.000000000000000000e+00
4.723617999999999876e-05 0.000000000000000000e+00
4.748743999999999811e-05 0.000000000000000000e+00
4.773868999999999677e-05 0.000000000000000000e+00
4.798995000000000290e-05 0.000000000000000000e+00
4.824121000000000225e-05 0.000000000000000000e+00
4.849246000000000090e-05 0.000000000000000000e+00
4.874372000000000026e-05 0.000000000000000000e+00
4.899496999999999891e-05 0.000000000000000000e+00
4.924622999999999826e-05 0.000000000000000000e+00
4.949748999999999761e-05 0.000000000000000000e+00
4.974874000000000304e-05 0.000000000000000000e+00
5.000000000000000240e-05 0.000000000000000000e+00
5.025126000000000175e-05 0.000000000000000000e+00
5.050251000000000040e-05 0.000000000000000000e+00
5.075376999999999975e-05 0.000000000000000000e+00
5.100502999999999911e-05 0.000000000000000000e+00
5.125627999999999776e-05 0.000000000000000000e+00
5.150753999999999711e-05 0.000000000000000000e+00
5.175879000000000254e-05 0.000000000000000000e+00
5.201005000000000190e-05 0.000000000000000000e+00
5.226131000000000125e-05 0.000000000000000000e+00
5.251255999999999990e-05 0.000000000000000000e+00
5.276381999999999925e-05 0.000000000000000000e+00
5.301507999999999861e-05 0.000000000000000000e+00
5.326632999999999726e-05 0.000000000000000000e+00
5.351758999999999661e-05 0.000000000000000000e+00
5.376884000000000204e-05 0.000000000000000000e+00
5.402010000000000140e-05 0.000000000000000000e+00
5.427136000000000075e-05 0.000000000000000000e+00
5.477386999999999875e-05 0.000000000000000000e+00
5.452260999999999940e-05 0.000000000000000000e+00
5.502512999999999811e-05 0.000000000000000000e+00
5.979899000000000054e-05 0.000000000000000000e+00
6.005024999999999990e-05 0.000000000000000000e+00
6.030150999999999925e-05 0.000000000000000000e+00
6.055275999999999790e-05 0.000000000000000000e+00
6.080401999999999725e-05 0.000000000000000000e+00
6.105527999999999661e-05 0.000000000000000000e+00
6.130652999999999526e-05 0.000000000000000000e+00
6.155778999999999461e-05 0.000000000000000000e+00
6.180904999999999397e-05 0.000000000000000000e+00
5.527637999999999676e-05 0.000000000000000000e+00
5.552764000000000289e-05 0.000000000000000000e+00
5.577889000000000154e-05 0.000000000000000000e+00
5.603015000000000090e-05 0.000000000000000000e+00
5.628141000000000025e-05 0.000000000000000000e+00
5.653265999999999890e-05 0.000000000000000000e+00
5.678391999999999825e-05 0.000000000000000000e+00
5.703517999999999761e-05 0.000000000000000000e+00
5.728643000000000304e-05 0.000000000000000000e+00
5.753769000000000239e-05 0.000000000000000000e+00
5.778894000000000104e-05 0.000000000000000000e+00
5.804020000000000040e-05 0.000000000000000000e+00
5.829145999999999975e-05 0.000000000000000000e+00
5.854270999999999840e-05 0.000000000000000000e+00
5.879396999999999775e-05 0.000000000000000000e+00
5.904522999999999711e-05 0.000000000000000000e+00
5.929648000000000254e-05 0.000000000000000000e+00
5.954774000000000189e-05 0.000000000000000000e+00
6.206030000000000617e-05 0.000000000000000000e+00
6.231156000000000552e-05 0.000000000000000000e+00
6.256281000000000418e-05 0.000000000000000000e+00
6.281407000000000353e-05 0.000000000000000000e+00
6.306533000000000288e-05 0.000000000000000000e+00
6.331658000000000154e-05 0.000000000000000000e+00
6.356784000000000089e-05 0.000000000000000000e+00
6.381910000000000024e-05 0.000000000000000000e+00
6.407034999999999890e-05 0.000000000000000000e+00
6.432160999999999825e-05 0.000000000000000000e+00
6.457285999999999690e-05 0.000000000000000000e+00
6.482411999999999625e-05 0.000000000000000000e+00
6.507537999999999561e-05 0.000000000000000000e+00
6.532662999999999426e-05 0.000000000000000000e+00
6.557788999999999361e-05 0.000000000000000000e+00
6.582915000000000652e-05 0.000000000000000000e+00
6.608040000000000517e-05 0.000000000000000000e+00
6.633166000000000452e-05 0.000000000000000000e+00
6.658291000000000318e-05 0.000000000000000000e+00
6.683417000000000253e-05 0.000000000000000000e+00
6.708543000000000188e-05 0.000000000000000000e+00
6.733668000000000054e-05 0.000000000000000000e+00
6.758793999999999989e-05 0.000000000000000000e+00
6.783919999999999924e-05 0.000000000000000000e+00
6.809044999999999789e-05 0.000000000000000000e+00
6.834170999999999725e-05 0.000000000000000000e+00
6.859295999999999590e-05 0.000000000000000000e+00
6.884421999999999525e-05 0.000000000000000000e+00
6.909547999999999461e-05 0.000000000000000000e+00
6.934672999999999326e-05 0.000000000000000000e+00
6.959799000000000617e-05 0.000000000000000000e+00
6.984925000000000552e-05 0.000000000000000000e+00
7.010050000000000417e-05 0.000000000000000000e+00
7.035176000000000352e-05 0.000000000000000000e+00
7.060302000000000288e-05 0.000000000000000000e+00
7.085427000000000153e-05 0.000000000000000000e+00
7.110553000000000088e-05 0.000000000000000000e+00
7.135677999999999954e-05 0.000000000000000000e+00
7.160803999999999889e-05 0.000000000000000000e+00
7.185929999999999824e-05 0.000000000000000000e+00
7.211054999999999689e-05 0.000000000000000000e+00
7.236180999999999625e-05 0.000000000000000000e+00
7.261306999999999560e-05 0.000000000000000000e+00
7.286431999999999425e-05 0.000000000000000000e+00
7.311557999999999361e-05 0.000000000000000000e+00
7.336683000000000581e-05 0.000000000000000000e+00
7.361809000000000516e-05 0.000000000000000000e+00
7.386935000000000452e-05 0.000000000000000000e+00
7.412060000000000317e-05 0.000000000000000000e+00
7.437186000000000252e-05 0.000000000000000000e+00
7.462312000000000188e-05 0.000000000000000000e+00
7.487437000000000053e-05 0.000000000000000000e+00
7.512562999999999988e-05 0.000000000000000000e+00
7.537687999999999854e-05 0.000000000000000000e+00
7.562813999999999789e-05 0.000000000000000000e+00
7.587939999999999724e-05 0.000000000000000000e+00
7.613064999999999589e-05 0.000000000000000000e+00
7.638190999999999525e-05 0.000000000000000000e+00
7.663316999999999460e-05 0.000000000000000000e+00
7.688441999999999325e-05 0.000000000000000000e+00
7.738693000000000481e-05 0.000000000000000000e+00
7.713568000000000616e-05 0.000000000000000000e+00
7.763819000000000416e-05 0.000000000000000000e+00
8.391959999999999524e-05 0.000000000000000000e+00
8.417084999999999389e-05 0.000000000000000000e+00
8.442210999999999325e-05 0.000000000000000000e+00
8.467337000000000615e-05 0.000000000000000000e+00
8.492462000000000481e-05 0.000000000000000000e+00
8.517588000000000416e-05 0.000000000000000000e+00
8.542714000000000351e-05 0.000000000000000000e+00
8.567839000000000216e-05 0.000000000000000000e+00
8.592965000000000152e-05 0.000000000000000000e+00
8.618090000000000017e-05 0.000000000000000000e+00
8.643215999999999952e-05 0.000000000000000000e+00
8.668341999999999888e-05 0.000000000000000000e+00
8.693466999999999753e-05 0.000000000000000000e+00
8.718592999999999688e-05 0.000000000000000000e+00
8.743718999999999623e-05 0.000000000000000000e+00
8.768843999999999489e-05 0.000000000000000000e+00
8.793969999999999424e-05 0.000000000000000000e+00
8.819095000000000645e-05 0.000000000000000000e+00
8.844221000000000580e-05 0.000000000000000000e+00
8.869347000000000515e-05 0.000000000000000000e+00
8.894472000000000380e-05 0.000000000000000000e+00
8.919598000000000316e-05 0.000000000000000000e+00
8.944724000000000251e-05 0.000000000000000000e+00
8.969849000000000116e-05 0.000000000000000000e+00
8.994975000000000052e-05 0.000000000000000000e+00
9.020100999999999987e-05 0.000000000000000000e+00
9.045225999999999852e-05 0.000000000000000000e+00
9.070351999999999788e-05 0.000000000000000000e+00
9.095476999999999653e-05 0.000000000000000000e+00
9.120602999999999588e-05 0.000000000000000000e+00
9.145728999999999523e-05 0.000000000000000000e+00
9.170853999999999389e-05 0.000000000000000000e+00
9.195979999999999324e-05 0.000000000000000000e+00
9.221106000000000615e-05 0.000000000000000000e+00
9.246231000000000480e-05 0.000000000000000000e+00
9.271357000000000415e-05 0.000000000000000000e+00
9.296482000000000280e-05 0.000000000000000000e+00
9.321608000000000216e-05 0.000000000000000000e+00
9.346734000000000151e-05 0.000000000000000000e+00
9.371859000000000016e-05 0.000000000000000000e+00
9.396984999999999952e-05 0.000000000000000000e+00
7.788945000000000352e-05 0.000000000000000000e+00
7.814070000000000217e-05 0.000000000000000000e+00
7.839196000000000152e-05 0.000000000000000000e+00
7.864322000000000088e-05 0.000000000000000000e+00
7.889446999999999953e-05 0.000000000000000000e+00
7.914572999999999888e-05 0.000000000000000000e+00
7.939697999999999754e-05 0.000000000000000000e+00
7.964823999999999689e-05 0.000000000000000000e+00
7.989949999999999624e-05 0.000000000000000000e+00
8.015074999999999489e-05 0.000000000000000000e+00
8.040200999999999425e-05 0.000000000000000000e+00
8.065326999999999360e-05 0.000000000000000000e+00
8.090452000000000581e-05 0.000000000000000000e+00
8.115578000000000516e-05 0.000000000000000000e+00
8.140704000000000451e-05 0.000000000000000000e+00
8.165829000000000316e-05 0.000000000000000000e+00
8.190955000000000252e-05 0.000000000000000000e+00
8.216080000000000117e-05 0.000000000000000000e+00
8.241206000000000052e-05 0.000000000000000000e+00
8.266331999999999988e-05 0.000000000000000000e+00
8.291456999999999853e-05 0.000000000000000000e+00
8.316582999999999788e-05 0.000000000000000000e+00
8.341708999999999723e-05 0.000000000000000000e+00
8.366833999999999589e-05 0.000000000000000000e+00
9.422110999999999887e-05 0.000000000000000000e+00
9.447235999999999752e-05 0.000000000000000000e+00
9.472361999999999688e-05 0.000000000000000000e+00
9.497486999999999553e-05 0.000000000000000000e+00
9.522612999999999488e-05 0.000000000000000000e+00
9.547738999999999423e-05 0.000000000000000000e+00
9.572864000000000644e-05 0.000000000000000000e+00
9.597990000000000579e-05 0.000000000000000000e+00
9.623116000000000515e-05 0.000000000000000000e+00
9.648241000000000380e-05 0.000000000000000000e+00
9.673367000000000315e-05 0.000000000000000000e+00
9.698492000000000180e-05 0.000000000000000000e+00
9.723618000000000116e-05 0.000000000000000000e+00
9.748744000000000051e-05 0.000000000000000000e+00
9.773868999999999916e-05 0.000000000000000000e+00
9.798994999999999852e-05 0.000000000000000000e+00
9.824120999999999787e-05 0.000000000000000000e+00
9.849245999999999652e-05 0.000000000000000000e+00
9.874371999999999587e-05 0.000000000000000000e+00
9.899496999999999453e-05 0.000000000000000000e+00
1.000000000000000048e-04 0.000000000000000000e+00
9.924622999999999388e-05 0.000000000000000000e+00
9.949748999999999323e-05 0.000000000000000000e+00
9.974874000000000544e-05 0.000000000000000000e+00
